{
    "matrix": [
        [
            1.0,
            -0.047,
            0.048,
            -0.011,
            0.065,
            -0.072,
            0.063,
            0.069,
            0.162,
            0.119,
            0.005,
            -0.059
        ],
        [
            -0.047,
            1.0,
            -0.103,
            -0.023,
            0.023,
            -0.049,
            -0.078,
            -0.07,
            0.118,
            0.18,
            0.085,
            0.071
        ],
        [
            0.048,
            -0.103,
            1.0,
            0.03,
            -0.11,
            0.064,
            -0.154,
            -0.144,
            -0.084,
            -0.064,
            -0.068,
            -0.102
        ],
        [
            -0.011,
            -0.023,
            0.03,
            1.0,
            0.078,
            -0.034,
            -0.033,
            -0.032,
            -0.008,
            0.089,
            -0.149,
            -0.031
        ],
        [
            0.065,
            0.023,
            -0.11,
            0.078,
            1.0,
            0.006,
            -0.028,
            -0.037,
            -0.018,
            -0.03,
            -0.033,
            -0.051
        ],
        [
            -0.072,
            -0.049,
            0.064,
            -0.034,
            0.006,
            1.0,
            0.052,
            0.052,
            0.14,
            0.021,
            -0.125,
            -0.205
        ],
        [
            0.063,
            -0.078,
            -0.154,
            -0.033,
            -0.028,
            0.052,
            1.0,
            0.997,
            -0.178,
            0.096,
            -0.13,
            0.236
        ],
        [
            0.069,
            -0.07,
            -0.144,
            -0.032,
            -0.037,
            0.052,
            0.997,
            1.0,
            -0.179,
            0.101,
            -0.138,
            0.244
        ],
        [
            0.162,
            0.118,
            -0.084,
            -0.008,
            -0.018,
            0.14,
            -0.178,
            -0.179,
            1.0,
            0.062,
            -0.066,
            -0.149
        ],
        [
            0.119,
            0.18,
            -0.064,
            0.089,
            -0.03,
            0.021,
            0.096,
            0.101,
            0.062,
            1.0,
            0.018,
            0.167
        ],
        [
            0.005,
            0.085,
            -0.068,
            -0.149,
            -0.033,
            -0.125,
            -0.13,
            -0.138,
            -0.066,
            0.018,
            1.0,
            0.225
        ],
        [
            -0.059,
            0.071,
            -0.102,
            -0.031,
            -0.051,
            -0.205,
            0.236,
            0.244,
            -0.149,
            0.167,
            0.225,
            1.0
        ]
    ],
    "variables": [
        "A-phase Current",
        "A-phase Power",
        "B-phase Current",
        "B-phase Power",
        "C-phase Current",
        "C-phase Power",
        "Oil Temperature Point 1",
        "Oil Temperature Point 2",
        "Oil Level",
        "Winding Temperature",
        "Air Temperature",
        "Wind Speed"
    ]
}